FPR	TPR	Threshold
0	0	1
0	0.001307189542	0.9913119209
0	0.002614379085	0.9893526876
0	0.003921568627	0.9874260001
0	0.00522875817	0.9848578953
0	0.006535947712	0.9835497796
0	0.007843137255	0.9827596533
0	0.009150326797	0.9817326366
0	0.01045751634	0.9805393097
0	0.01176470588	0.9781856605
0.002257336343	0.01176470588	0.9765314557
0.002257336343	0.01307189542	0.9761411212
0.002257336343	0.01437908497	0.9757525425
0.002257336343	0.01568627451	0.9751799193
0.002257336343	0.01699346405	0.9745323504
0.002257336343	0.01830065359	0.9740754343
0.002257336343	0.01960784314	0.973346126
0.002257336343	0.02091503268	0.9729505755
0.002257336343	0.02222222222	0.9725274945
0.002257336343	0.02352941176	0.9721182335
0.002257336343	0.02483660131	0.9720284077
0.004514672686	0.02483660131	0.9716215386
0.004514672686	0.02614379085	0.9708677824
0.004514672686	0.02745098039	0.9701899393
0.004514672686	0.02875816993	0.969762282
0.004514672686	0.03006535948	0.9689318285
0.004514672686	0.03137254902	0.9682019052
0.006772009029	0.03137254902	0.9681238414
0.006772009029	0.03267973856	0.9679603025
0.006772009029	0.0339869281	0.967145406
0.006772009029	0.03529411765	0.9664714619
0.006772009029	0.03660130719	0.9659743024
0.006772009029	0.03790849673	0.9654360437
0.006772009029	0.03921568627	0.9650449922
0.006772009029	0.04052287582	0.9642934867
0.006772009029	0.04183006536	0.9637060787
0.006772009029	0.0431372549	0.9635119665
0.006772009029	0.04444444444	0.9630749822
0.006772009029	0.04575163399	0.9624502998
0.006772009029	0.04705882353	0.9620164189
0.006772009029	0.04836601307	0.9611149981
0.006772009029	0.04967320261	0.9604421273
0.006772009029	0.05098039216	0.9603437779
0.006772009029	0.0522875817	0.9602113377
0.006772009029	0.05359477124	0.9599662815
0.006772009029	0.05490196078	0.9590187934
0.009029345372	0.05490196078	0.9582546197
0.009029345372	0.05620915033	0.9580407459
0.009029345372	0.05751633987	0.9578198628
0.009029345372	0.05882352941	0.9576604556
0.009029345372	0.06013071895	0.9570551782
0.009029345372	0.0614379085	0.9564641291
0.009029345372	0.06274509804	0.9562147455
0.009029345372	0.06405228758	0.9557972035
0.009029345372	0.06535947712	0.9553856221
0.009029345372	0.06666666667	0.9552438865
0.009029345372	0.06797385621	0.9548702341
0.009029345372	0.06928104575	0.9544932579
0.009029345372	0.07058823529	0.9537544024
0.009029345372	0.07189542484	0.9528412056
0.009029345372	0.07320261438	0.9524253514
0.009029345372	0.07450980392	0.9521486267
0.009029345372	0.07581699346	0.9520650849
0.009029345372	0.07712418301	0.9519606504
0.009029345372	0.07843137255	0.9515676376
0.009029345372	0.07973856209	0.9512334776
0.009029345372	0.08104575163	0.9506325192
0.009029345372	0.08235294118	0.9494697635
0.009029345372	0.08366013072	0.9482971289
0.009029345372	0.08496732026	0.9476496653
0.009029345372	0.0862745098	0.9470477611
0.009029345372	0.08758169935	0.9464173913
0.009029345372	0.08888888889	0.9463325395
0.009029345372	0.09019607843	0.94626592
0.009029345372	0.09150326797	0.9461000047
0.009029345372	0.09281045752	0.9455815353
0.01128668172	0.09281045752	0.9449963952
0.01128668172	0.09411764706	0.9446476827
0.01128668172	0.0954248366	0.9440410488
0.01128668172	0.09673202614	0.9434280674
0.01128668172	0.09803921569	0.9431484147
0.01128668172	0.09934640523	0.9429242562
0.01128668172	0.1006535948	0.9427819103
0.01128668172	0.1019607843	0.9427590833
0.01128668172	0.1032679739	0.9426673149
0.01128668172	0.1045751634	0.9425144225
0.01128668172	0.1058823529	0.9424183604
0.01354401806	0.1058823529	0.9421993096
0.01354401806	0.1071895425	0.9419164451
0.01354401806	0.108496732	0.9416390314
0.01354401806	0.1098039216	0.9412197634
0.0158013544	0.1098039216	0.9406104295
0.0158013544	0.1111111111	0.940225973
0.0158013544	0.1124183007	0.9401609877
0.0158013544	0.1137254902	0.9400446193
0.0158013544	0.1150326797	0.9395199495
0.0158013544	0.1163398693	0.9389575223
0.0158013544	0.1176470588	0.9387846032
0.0158013544	0.1189542484	0.9386440895
0.0158013544	0.1202614379	0.9385774145
0.0158013544	0.1215686275	0.9380899405
0.0158013544	0.122875817	0.9371760682
0.0158013544	0.1241830065	0.9365128883
0.0158013544	0.1254901961	0.9360819715
0.0158013544	0.1267973856	0.9358238052
0.0158013544	0.1281045752	0.9356766085
0.0158013544	0.1294117647	0.9355651153
0.01805869074	0.1294117647	0.9352521532
0.01805869074	0.1307189542	0.9348777415
0.01805869074	0.1320261438	0.9344612727
0.02031602709	0.1320261438	0.9341118512
0.02031602709	0.1333333333	0.9338483622
0.02257336343	0.1333333333	0.933492642
0.02483069977	0.1333333333	0.9333291223
0.02708803612	0.1333333333	0.9331199467
0.02708803612	0.1346405229	0.9328914504
0.02708803612	0.1359477124	0.9327720035
0.02708803612	0.137254902	0.932574112
0.02708803612	0.1385620915	0.9323175787
0.02934537246	0.1385620915	0.9321947051
0.02934537246	0.139869281	0.932082725
0.02934537246	0.1411764706	0.93189201
0.02934537246	0.1424836601	0.9315706389
0.02934537246	0.1437908497	0.9312814067
0.0316027088	0.1437908497	0.9311975882
0.0316027088	0.1450980392	0.9306828113
0.0316027088	0.1464052288	0.930150165
0.0316027088	0.1477124183	0.930094152
0.0316027088	0.1490196078	0.9300622194
0.0316027088	0.1503267974	0.9299512791
0.0316027088	0.1516339869	0.9298212352
0.03386004515	0.1516339869	0.9295234077
0.03386004515	0.1529411765	0.9291249232
0.03386004515	0.154248366	0.9289544468
0.03386004515	0.1555555556	0.9288751937
0.03611738149	0.1555555556	0.9288196522
0.03611738149	0.1568627451	0.9286147997
0.03611738149	0.1581699346	0.9283330336
0.03611738149	0.1594771242	0.9282286087
0.03611738149	0.1607843137	0.9279948399
0.03611738149	0.1620915033	0.9276445938
0.03837471783	0.1620915033	0.9274634878
0.03837471783	0.1633986928	0.9269953092
0.03837471783	0.1647058824	0.9264974051
0.04063205418	0.1647058824	0.9262236846
0.04063205418	0.1660130719	0.9257871161
0.04063205418	0.1673202614	0.9254330436
0.04288939052	0.1673202614	0.9252740678
0.04514672686	0.1673202614	0.9246457683
0.04514672686	0.168627451	0.9239727245
0.04514672686	0.1699346405	0.923739403
0.04514672686	0.1712418301	0.9228465314
0.04740406321	0.1712418301	0.9220598093
0.04740406321	0.1725490196	0.9218563254
0.04740406321	0.1738562092	0.9216025233
0.04740406321	0.1751633987	0.921507727
0.04966139955	0.1751633987	0.9214754506
0.04966139955	0.1764705882	0.9211446201
0.04966139955	0.1777777778	0.9208260942
0.05191873589	0.1777777778	0.9204593022
0.05191873589	0.1790849673	0.9199871736
0.05191873589	0.1803921569	0.9197881137
0.05191873589	0.1816993464	0.9196751827
0.05191873589	0.1830065359	0.9192538438
0.05191873589	0.1843137255	0.918805588
0.05191873589	0.185620915	0.9186082056
0.05191873589	0.1869281046	0.9184161862
0.05417607223	0.1869281046	0.9183390387
0.05417607223	0.1882352941	0.9181631827
0.05417607223	0.1895424837	0.9180018209
0.05417607223	0.1908496732	0.9179185728
0.05417607223	0.1921568627	0.9177848181
0.05643340858	0.1921568627	0.9175732135
0.05869074492	0.1921568627	0.9170278685
0.05869074492	0.1934640523	0.9165931193
0.06094808126	0.1934640523	0.9165080671
0.06094808126	0.1947712418	0.9163877828
0.06094808126	0.1960784314	0.9162124575
0.06094808126	0.1973856209	0.9158622518
0.06320541761	0.1973856209	0.9155623789
0.06320541761	0.1986928105	0.9154099107
0.06320541761	0.2	0.9151309449
0.06320541761	0.2013071895	0.9147259298
0.06320541761	0.2026143791	0.9144415708
0.06320541761	0.2039215686	0.9142647039
0.06320541761	0.2052287582	0.9141354803
0.06320541761	0.2065359477	0.9141082137
0.06320541761	0.2078431373	0.9140228302
0.06320541761	0.2091503268	0.9133428142
0.06320541761	0.2104575163	0.9126329989
0.06320541761	0.2117647059	0.9124763127
0.06320541761	0.2130718954	0.912379139
0.06320541761	0.214379085	0.9122790708
0.06320541761	0.2156862745	0.9120729571
0.06320541761	0.2169934641	0.9119016526
0.06320541761	0.2183006536	0.9115818033
0.06546275395	0.2183006536	0.9111268128
0.06772009029	0.2183006536	0.9108887048
0.06772009029	0.2196078431	0.9106083746
0.06772009029	0.2209150327	0.9099567084
0.06772009029	0.2222222222	0.9092261992
0.06772009029	0.2235294118	0.9088010923
0.06772009029	0.2248366013	0.908614079
0.06772009029	0.2261437908	0.9081505932
0.06772009029	0.2274509804	0.9077085647
0.06997742664	0.2274509804	0.9074742573
0.07223476298	0.2274509804	0.9071827913
0.07223476298	0.2287581699	0.9069286441
0.07223476298	0.2300653595	0.9064264646
0.07449209932	0.2300653595	0.905844594
0.07449209932	0.231372549	0.9055896488
0.07674943567	0.231372549	0.9055088014
0.07674943567	0.2326797386	0.9051646033
0.07900677201	0.2326797386	0.9048668058
0.07900677201	0.2339869281	0.9045338249
0.07900677201	0.2352941176	0.9041399332
0.07900677201	0.2366013072	0.904042617
0.08126410835	0.2366013072	0.9039786753
0.08126410835	0.2379084967	0.9034891399
0.0835214447	0.2379084967	0.9028327833
0.0835214447	0.2392156863	0.9025928125
0.0835214447	0.2405228758	0.9024865134
0.0835214447	0.2418300654	0.9018464542
0.0835214447	0.2431372549	0.9010419046
0.0835214447	0.2444444444	0.9004605025
0.0835214447	0.245751634	0.900108582
0.0835214447	0.2470588235	0.8997407875
0.0835214447	0.2483660131	0.8993400794
0.0835214447	0.2496732026	0.8990760171
0.0835214447	0.2509803922	0.8987489909
0.0835214447	0.2522875817	0.8983778183
0.0835214447	0.2535947712	0.8979912655
0.0835214447	0.2549019608	0.8977693188
0.0835214447	0.2562091503	0.897603723
0.0835214447	0.2575163399	0.8975057773
0.0835214447	0.2588235294	0.8970830373
0.0835214447	0.260130719	0.8964480911
0.0835214447	0.2614379085	0.8961884794
0.0835214447	0.262745098	0.8961426159
0.0835214447	0.2640522876	0.8958856787
0.08577878104	0.2640522876	0.8955462782
0.08803611738	0.2640522876	0.895383467
0.08803611738	0.2653594771	0.8951460726
0.08803611738	0.2666666667	0.8949206718
0.08803611738	0.2679738562	0.8947543794
0.08803611738	0.2692810458	0.89460539
0.08803611738	0.2705882353	0.8943187792
0.08803611738	0.2718954248	0.8938214186
0.08803611738	0.2732026144	0.8935544642
0.09029345372	0.2732026144	0.893346514
0.09029345372	0.2745098039	0.8929800912
0.09029345372	0.2758169935	0.8925707649
0.09029345372	0.277124183	0.8921665823
0.09029345372	0.2784313725	0.8919529729
0.09029345372	0.2797385621	0.891884086
0.09029345372	0.2810457516	0.8917710431
0.09029345372	0.2823529412	0.8914911246
0.09029345372	0.2836601307	0.8908698756
0.09029345372	0.2849673203	0.890437938
0.09029345372	0.2862745098	0.8898313668
0.09029345372	0.2875816993	0.8890292749
0.09029345372	0.2888888889	0.8886936243
0.09029345372	0.2901960784	0.888471212
0.09029345372	0.291503268	0.8880627138
0.09029345372	0.2928104575	0.887486091
0.09029345372	0.2941176471	0.8868611576
0.09029345372	0.2954248366	0.8863640782
0.09029345372	0.2967320261	0.8858333044
0.09029345372	0.2980392157	0.8854245163
0.09029345372	0.2993464052	0.8852915007
0.09029345372	0.3006535948	0.8850912916
0.09029345372	0.3019607843	0.8849295976
0.09029345372	0.3032679739	0.8848084513
0.09029345372	0.3045751634	0.8843264638
0.09029345372	0.3058823529	0.8838047075
0.09255079007	0.3058823529	0.8836327821
0.09255079007	0.3071895425	0.8835236839
0.09255079007	0.308496732	0.8834704049
0.09255079007	0.3098039216	0.8831161298
0.09480812641	0.3098039216	0.8827370541
0.09480812641	0.3111111111	0.8820489139
0.09480812641	0.3124183007	0.8814224674
0.09480812641	0.3137254902	0.8813698992
0.09480812641	0.3150326797	0.8810832318
0.09706546275	0.3150326797	0.8807726582
0.09706546275	0.3163398693	0.8804575525
0.09706546275	0.3176470588	0.8801354343
0.09706546275	0.3189542484	0.8799493739
0.0993227991	0.3189542484	0.8798364963
0.1015801354	0.3189542484	0.8797083766
0.1015801354	0.3202614379	0.8794230791
0.1015801354	0.3215686275	0.879189729
0.1015801354	0.322875817	0.8791188136
0.1015801354	0.3241830065	0.8790992798
0.1015801354	0.3254901961	0.8788183361
0.1015801354	0.3267973856	0.8780882976
0.1015801354	0.3281045752	0.8773733424
0.1015801354	0.3294117647	0.8770863918
0.1015801354	0.3307189542	0.8766362445
0.1015801354	0.3320261438	0.8755520483
0.1038374718	0.3320261438	0.8748395458
0.1038374718	0.3333333333	0.8744441861
0.1060948081	0.3333333333	0.8739520543
0.1083521445	0.3333333333	0.8738006608
0.1083521445	0.3346405229	0.8736967258
0.1083521445	0.3359477124	0.8735563582
0.1083521445	0.337254902	0.8734333978
0.1083521445	0.3385620915	0.8728915329
0.1083521445	0.339869281	0.8723746124
0.1083521445	0.3411764706	0.8722412131
0.1083521445	0.3424836601	0.8720458039
0.1106094808	0.3424836601	0.8710305632
0.1106094808	0.3437908497	0.8701054805
0.1106094808	0.3450980392	0.870072161
0.1106094808	0.3464052288	0.8700546967
0.1106094808	0.3477124183	0.8698825058
0.1106094808	0.3490196078	0.8694129564
0.1106094808	0.3503267974	0.8687559452
0.1106094808	0.3516339869	0.8683935495
0.1106094808	0.3529411765	0.8683638872
0.1106094808	0.354248366	0.8681001867
0.1128668172	0.354248366	0.8677783957
0.1128668172	0.3555555556	0.8675578316
0.1128668172	0.3568627451	0.8672913978
0.1128668172	0.3581699346	0.8671138655
0.1128668172	0.3594771242	0.8669401227
0.1128668172	0.3607843137	0.866473317
0.1128668172	0.3620915033	0.8659994014
0.1151241535	0.3620915033	0.8658011707
0.1151241535	0.3633986928	0.865628097
0.1151241535	0.3647058824	0.865416869
0.1151241535	0.3660130719	0.8649318395
0.1173814898	0.3660130719	0.8639719417
0.1173814898	0.3673202614	0.8632749634
0.1173814898	0.368627451	0.863135071
0.1173814898	0.3699346405	0.8628147859
0.1196388262	0.3699346405	0.861905802
0.1196388262	0.3712418301	0.8611616542
0.1196388262	0.3725490196	0.86084167
0.1196388262	0.3738562092	0.8606415244
0.1218961625	0.3738562092	0.8604363316
0.1218961625	0.3751633987	0.8598757
0.1218961625	0.3764705882	0.8593810555
0.1218961625	0.3777777778	0.8592421398
0.1218961625	0.3790849673	0.859210136
0.1218961625	0.3803921569	0.8590075201
0.1218961625	0.3816993464	0.8585534284
0.1218961625	0.3830065359	0.8582362776
0.1218961625	0.3843137255	0.8581013914
0.1218961625	0.385620915	0.8578269536
0.1218961625	0.3869281046	0.857290653
0.1218961625	0.3882352941	0.8569365344
0.1218961625	0.3895424837	0.8568425602
0.1218961625	0.3908496732	0.8566207961
0.1218961625	0.3921568627	0.8564719483
0.1218961625	0.3934640523	0.8562853861
0.1218961625	0.3947712418	0.8559159566
0.1241534989	0.3947712418	0.8552972271
0.1241534989	0.3960784314	0.8545833542
0.1241534989	0.3973856209	0.8540296824
0.1241534989	0.3986928105	0.8537614366
0.1241534989	0.4	0.853741047
0.1241534989	0.4013071895	0.8537105045
0.1241534989	0.4026143791	0.8536391097
0.1264108352	0.4026143791	0.8535772965
0.1264108352	0.4039215686	0.8533308248
0.1264108352	0.4052287582	0.8523223728
0.1264108352	0.4065359477	0.8515018192
0.1264108352	0.4078431373	0.851380662
0.1264108352	0.4091503268	0.8512870967
0.1264108352	0.4104575163	0.8511538863
0.1264108352	0.4117647059	0.8510366259
0.1264108352	0.4130718954	0.850818211
0.1264108352	0.414379085	0.849499387
0.1286681716	0.414379085	0.8483810561
0.1286681716	0.4156862745	0.8483298326
0.1286681716	0.4169934641	0.8482034239
0.1309255079	0.4169934641	0.8480354925
0.1309255079	0.4183006536	0.8477401512
0.1331828442	0.4183006536	0.8475141616
0.1331828442	0.4196078431	0.847075751
0.1331828442	0.4209150327	0.8465395201
0.1354401806	0.4209150327	0.8463036241
0.1354401806	0.4222222222	0.8460918173
0.1354401806	0.4235294118	0.8459838338
0.1354401806	0.4248366013	0.8458610865
0.1354401806	0.4261437908	0.8455969354
0.1354401806	0.4274509804	0.8453230813
0.1354401806	0.4287581699	0.8450443093
0.1376975169	0.4287581699	0.8448698536
0.1376975169	0.4300653595	0.8443609196
0.1399548533	0.4300653595	0.8435934916
0.1422121896	0.4300653595	0.8431922062
0.1422121896	0.431372549	0.8430347847
0.144469526	0.431372549	0.842994505
0.144469526	0.4326797386	0.8429681294
0.144469526	0.4339869281	0.8428232246
0.144469526	0.4352941176	0.8425565706
0.144469526	0.4366013072	0.8423132319
0.144469526	0.4379084967	0.8421252425
0.144469526	0.4392156863	0.8419933808
0.144469526	0.4405228758	0.8411382078
0.144469526	0.4418300654	0.8401322312
0.144469526	0.4431372549	0.8398630307
0.144469526	0.4444444444	0.8396652655
0.144469526	0.445751634	0.8394318683
0.144469526	0.4470588235	0.8393132583
0.1467268623	0.4470588235	0.838608186
0.1467268623	0.4483660131	0.8378901923
0.1467268623	0.4496732026	0.8375695209
0.1489841986	0.4496732026	0.8370672099
0.1489841986	0.4509803922	0.836797789
0.151241535	0.4509803922	0.8365899994
0.151241535	0.4522875817	0.8357934702
0.151241535	0.4535947712	0.8350677081
0.151241535	0.4549019608	0.8348835078
0.151241535	0.4562091503	0.8346210203
0.151241535	0.4575163399	0.8343944577
0.1534988713	0.4575163399	0.8342778459
0.1557562077	0.4575163399	0.8341232119
0.158013544	0.4575163399	0.83360943
0.158013544	0.4588235294	0.8331368986
0.158013544	0.460130719	0.8330655613
0.158013544	0.4614379085	0.8328999303
0.158013544	0.462745098	0.8326183522
0.158013544	0.4640522876	0.8318078359
0.1602708804	0.4640522876	0.8310440159
0.1602708804	0.4653594771	0.8307337189
0.1602708804	0.4666666667	0.8304614449
0.1602708804	0.4679738562	0.8304164484
0.1602708804	0.4692810458	0.830374455
0.1602708804	0.4705882353	0.830113978
0.1625282167	0.4705882353	0.8298547092
0.1625282167	0.4718954248	0.8293997738
0.164785553	0.4718954248	0.8285600332
0.164785553	0.4732026144	0.8279160113
0.164785553	0.4745098039	0.8275445037
0.164785553	0.4758169935	0.8273904663
0.164785553	0.477124183	0.8273663154
0.164785553	0.4784313725	0.8271523095
0.164785553	0.4797385621	0.8266087738
0.164785553	0.4810457516	0.8260979621
0.164785553	0.4823529412	0.8256354901
0.164785553	0.4836601307	0.8253235458
0.1670428894	0.4836601307	0.8252458177
0.1670428894	0.4849673203	0.82498484
0.1693002257	0.4849673203	0.8245103512
0.1693002257	0.4862745098	0.8242263433
0.1693002257	0.4875816993	0.8235612376
0.1693002257	0.4888888889	0.8227389744
0.1693002257	0.4901960784	0.8225206572
0.1693002257	0.491503268	0.8219750767
0.1715575621	0.491503268	0.8214489428
0.1715575621	0.4928104575	0.8211591978
0.1715575621	0.4941176471	0.8208717811
0.1715575621	0.4954248366	0.8206984137
0.1715575621	0.4967320261	0.8204835031
0.1715575621	0.4980392157	0.8202195745
0.1715575621	0.4993464052	0.8199488519
0.1715575621	0.5006535948	0.8193213312
0.1738148984	0.5006535948	0.8186831884
0.1738148984	0.5019607843	0.8185860149
0.1738148984	0.5032679739	0.8180693379
0.1760722348	0.5032679739	0.8173137469
0.1760722348	0.5045751634	0.8170580829
0.1760722348	0.5058823529	0.816826846
0.1783295711	0.5058823529	0.8164312849
0.1805869074	0.5058823529	0.8160155151
0.1805869074	0.5071895425	0.815607945
0.1805869074	0.508496732	0.8152368871
0.1805869074	0.5098039216	0.8147722983
0.1805869074	0.5111111111	0.8142000081
0.1805869074	0.5124183007	0.8131191621
0.1805869074	0.5137254902	0.8120310476
0.1805869074	0.5150326797	0.8116973135
0.1805869074	0.5163398693	0.8114048392
0.1805869074	0.5176470588	0.8111275395
0.1805869074	0.5189542484	0.8111048531
0.1828442438	0.5189542484	0.8106220526
0.1851015801	0.5189542484	0.8099335584
0.1851015801	0.5202614379	0.809401849
0.1873589165	0.5202614379	0.8087933164
0.1873589165	0.5215686275	0.8083458233
0.1873589165	0.522875817	0.8081367871
0.1873589165	0.5241830065	0.808031058
0.1873589165	0.5254901961	0.8078968879
0.1873589165	0.5267973856	0.8075098121
0.1896162528	0.5267973856	0.8071802833
0.1896162528	0.5281045752	0.8071151731
0.1896162528	0.5294117647	0.8065426355
0.1896162528	0.5307189542	0.8059243867
0.1896162528	0.5320261438	0.8052758922
0.1896162528	0.5333333333	0.8046001665
0.1896162528	0.5346405229	0.804321007
0.1896162528	0.5359477124	0.8035537844
0.1896162528	0.537254902	0.802892642
0.1896162528	0.5385620915	0.8027603118
0.1896162528	0.539869281	0.8026780326
0.1896162528	0.5411764706	0.8025202879
0.1896162528	0.5424836601	0.8022718817
0.1896162528	0.5437908497	0.8019463968
0.1918735892	0.5437908497	0.8016516316
0.1918735892	0.5450980392	0.8013538
0.1941309255	0.5450980392	0.8010366571
0.1941309255	0.5464052288	0.8008019769
0.1941309255	0.5477124183	0.8005269906
0.1941309255	0.5490196078	0.8002596611
0.1941309255	0.5503267974	0.7998346282
0.1963882619	0.5503267974	0.7980976762
0.1986455982	0.5503267974	0.7964011488
0.1986455982	0.5516339869	0.7961297431
0.1986455982	0.5529411765	0.7959980784
0.1986455982	0.554248366	0.7958789161
0.1986455982	0.5555555556	0.7958254658
0.1986455982	0.5568627451	0.7957187391
0.1986455982	0.5581699346	0.79535893
0.1986455982	0.5594771242	0.7950247677
0.1986455982	0.5607843137	0.7949247934
0.1986455982	0.5620915033	0.7943837591
0.2009029345	0.5620915033	0.7937967501
0.2031602709	0.5620915033	0.7930923297
0.2031602709	0.5633986928	0.7923881344
0.2031602709	0.5647058824	0.7918133317
0.2031602709	0.5660130719	0.7911101995
0.2031602709	0.5673202614	0.7907952421
0.2031602709	0.568627451	0.7905478113
0.2031602709	0.5699346405	0.7901983085
0.2054176072	0.5699346405	0.7897273816
0.2076749436	0.5699346405	0.7891932674
0.2076749436	0.5712418301	0.7886296485
0.2076749436	0.5725490196	0.7879420988
0.2099322799	0.5725490196	0.7874155733
0.2099322799	0.5738562092	0.7871717972
0.2099322799	0.5751633987	0.7870660118
0.2099322799	0.5764705882	0.7869903249
0.2099322799	0.5777777778	0.7869100991
0.2099322799	0.5790849673	0.7867597782
0.2121896163	0.5790849673	0.7862853287
0.2121896163	0.5803921569	0.7854527735
0.2121896163	0.5816993464	0.7842731166
0.2144469526	0.5816993464	0.783533574
0.2144469526	0.5830065359	0.7832188381
0.2144469526	0.5843137255	0.7828604508
0.2144469526	0.585620915	0.7827301915
0.2167042889	0.585620915	0.7825111007
0.2167042889	0.5869281046	0.7821464757
0.2167042889	0.5882352941	0.781871264
0.2167042889	0.5895424837	0.7817582135
0.2167042889	0.5908496732	0.7815965999
0.2189616253	0.5908496732	0.7813087639
0.2189616253	0.5921568627	0.781114441
0.2212189616	0.5921568627	0.7810377567
0.2212189616	0.5934640523	0.7808650599
0.2212189616	0.5947712418	0.780675465
0.2212189616	0.5960784314	0.780353738
0.2212189616	0.5973856209	0.7798619145
0.2212189616	0.5986928105	0.7790194399
0.223476298	0.5986928105	0.7782833696
0.2257336343	0.5986928105	0.7777659544
0.2257336343	0.6	0.7772349022
0.2279909707	0.6	0.7769856746
0.2279909707	0.6013071895	0.7764084777
0.230248307	0.6013071895	0.7756010764
0.230248307	0.6026143791	0.7751059944
0.2325056433	0.6026143791	0.7747338331
0.2325056433	0.6039215686	0.7744200136
0.2325056433	0.6052287582	0.7730000138
0.2347629797	0.6052287582	0.7713077553
0.237020316	0.6052287582	0.7705783433
0.2392776524	0.6052287582	0.7698984072
0.2392776524	0.6065359477	0.769268074
0.2392776524	0.6078431373	0.7688808237
0.2415349887	0.6078431373	0.7686515437
0.2415349887	0.6091503268	0.7682843404
0.2437923251	0.6091503268	0.7679359637
0.2437923251	0.6104575163	0.7673291034
0.2437923251	0.6117647059	0.7666593552
0.2437923251	0.6130718954	0.7651793412
0.2437923251	0.614379085	0.7635462361
0.2437923251	0.6156862745	0.7631732555
0.2437923251	0.6169934641	0.7628966763
0.2460496614	0.6169934641	0.7623042218
0.2483069977	0.6169934641	0.761819542
0.2483069977	0.6183006536	0.7616498098
0.2483069977	0.6196078431	0.7615960636
0.2505643341	0.6196078431	0.7614689707
0.2505643341	0.6209150327	0.7606331684
0.2505643341	0.6222222222	0.759889653
0.2505643341	0.6235294118	0.7593030346
0.2505643341	0.6248366013	0.7584524291
0.2505643341	0.6261437908	0.7578216103
0.2505643341	0.6274509804	0.7573709142
0.2528216704	0.6274509804	0.7570112746
0.2528216704	0.6287581699	0.7557372609
0.2528216704	0.6300653595	0.7545263285
0.2528216704	0.631372549	0.7540832561
0.2528216704	0.6326797386	0.7537896522
0.2528216704	0.6339869281	0.7531391229
0.2528216704	0.6352941176	0.7522087044
0.2528216704	0.6366013072	0.7513742391
0.2550790068	0.6366013072	0.7506462529
0.2550790068	0.6379084967	0.7501450624
0.2550790068	0.6392156863	0.7492905803
0.2573363431	0.6392156863	0.7486439727
0.2595936795	0.6392156863	0.7481087824
0.2595936795	0.6405228758	0.7475445891
0.2595936795	0.6418300654	0.7471999612
0.2595936795	0.6431372549	0.746934826
0.2595936795	0.6444444444	0.7460619769
0.2595936795	0.645751634	0.7451328563
0.2595936795	0.6470588235	0.7450261151
0.2595936795	0.6483660131	0.7448362054
0.2595936795	0.6496732026	0.7443123455
0.2595936795	0.6509803922	0.7438341891
0.2595936795	0.6522875817	0.743648525
0.2595936795	0.6535947712	0.7432313299
0.2618510158	0.6535947712	0.7425277055
0.2641083521	0.6535947712	0.7419194117
0.2641083521	0.6549019608	0.741427955
0.2641083521	0.6562091503	0.740906422
0.2663656885	0.6562091503	0.740573627
0.2686230248	0.6562091503	0.7399786865
0.2708803612	0.6562091503	0.7394177926
0.2708803612	0.6575163399	0.7390449454
0.2708803612	0.6588235294	0.7382479875
0.2708803612	0.660130719	0.7376403126
0.2731376975	0.660130719	0.7369520792
0.2753950339	0.660130719	0.7361040159
0.2753950339	0.6614379085	0.7357399798
0.2753950339	0.662745098	0.7347228316
0.2753950339	0.6640522876	0.7336371575
0.2753950339	0.6653594771	0.7331024531
0.2753950339	0.6666666667	0.7324343395
0.2753950339	0.6679738562	0.7321725889
0.2753950339	0.6692810458	0.7321556559
0.2753950339	0.6705882353	0.7318708716
0.2753950339	0.6718954248	0.7313370919
0.2776523702	0.6718954248	0.7306489989
0.2776523702	0.6732026144	0.7299953873
0.2799097065	0.6732026144	0.7294231688
0.2799097065	0.6745098039	0.7281498031
0.2821670429	0.6745098039	0.7259620501
0.2821670429	0.6758169935	0.7236316539
0.2844243792	0.6758169935	0.7223828348
0.2844243792	0.677124183	0.7221464441
0.2844243792	0.6784313725	0.7220270177
0.2844243792	0.6797385621	0.7218825114
0.2866817156	0.6797385621	0.7206461966
0.2866817156	0.6810457516	0.7177620822
0.2889390519	0.6810457516	0.7159321063
0.2889390519	0.6823529412	0.7158180281
0.2889390519	0.6836601307	0.7154208732
0.2889390519	0.6849673203	0.7149095919
0.2889390519	0.6862745098	0.7147170549
0.2889390519	0.6875816993	0.7144381982
0.2889390519	0.6888888889	0.7140973236
0.2889390519	0.6901960784	0.7135881107
0.2911963883	0.6901960784	0.7131471267
0.2934537246	0.6901960784	0.7130540757
0.2934537246	0.691503268	0.7126250405
0.2934537246	0.6928104575	0.7111760435
0.2934537246	0.6941176471	0.7100970691
0.2934537246	0.6954248366	0.7100304002
0.2957110609	0.6954248366	0.7094321322
0.2957110609	0.6967320261	0.7080141104
0.2957110609	0.6980392157	0.7067259325
0.2979683973	0.6980392157	0.7060560605
0.2979683973	0.6993464052	0.7057159385
0.2979683973	0.7006535948	0.7051335469
0.2979683973	0.7019607843	0.7043591162
0.2980392157	0.7019607843	0.7043451496
0.3002257336	0.7019607843	0.7039139326
0.3002257336	0.7032679739	0.7031506673
0.30248307	0.7032679739	0.702413517
0.30248307	0.7045751634	0.7020871415
0.30248307	0.7058823529	0.701885491
0.3047404063	0.7058823529	0.7018735611
0.3047404063	0.7071895425	0.7009741313
0.3047404063	0.708496732	0.6999950205
0.3047404063	0.7098039216	0.6988358431
0.3047404063	0.7111111111	0.696947469
0.3069977427	0.7111111111	0.6959149874
0.309255079	0.7111111111	0.695502122
0.3115124153	0.7111111111	0.6939176724
0.3137697517	0.7111111111	0.6924477865
0.316027088	0.7111111111	0.69206797
0.316027088	0.7124183007	0.6904275682
0.316027088	0.7137254902	0.6887681549
0.316027088	0.7150326797	0.6875229698
0.3182844244	0.7150326797	0.6857669067
0.3182844244	0.7163398693	0.6841215823
0.3182844244	0.7176470588	0.6831508522
0.3205417607	0.7176470588	0.6828550035
0.3227990971	0.7176470588	0.6816936297
0.3227990971	0.7189542484	0.6798411108
0.3250564334	0.7189542484	0.6786866375
0.3250564334	0.7202614379	0.6782071806
0.3250564334	0.7215686275	0.6774415493
0.3250564334	0.722875817	0.6768178889
0.3273137698	0.722875817	0.6766922044
0.3273137698	0.7241830065	0.6765258776
0.3273137698	0.7254901961	0.6762452699
0.3273137698	0.7267973856	0.6755867832
0.3295711061	0.7267973856	0.6746699209
0.3318284424	0.7267973856	0.6739850032
0.3318284424	0.7281045752	0.6737202239
0.3340857788	0.7281045752	0.6736411495
0.3363431151	0.7281045752	0.6734594726
0.3363431151	0.7294117647	0.6731132142
0.3363431151	0.7307189542	0.6728229964
0.3363431151	0.7320261438	0.6722876242
0.3363431151	0.7333333333	0.6717367425
0.3363431151	0.7346405229	0.6713938543
0.3386004515	0.7346405229	0.6707291214
0.3386004515	0.7359477124	0.6700281976
0.3408577878	0.7359477124	0.669200048
0.3408577878	0.737254902	0.6681706164
0.3408577878	0.7385620915	0.6675653253
0.3431151242	0.7385620915	0.6673677543
0.3431151242	0.739869281	0.6671919676
0.3431151242	0.7411764706	0.6650778994
0.3431151242	0.7424836601	0.6626408713
0.3453724605	0.7424836601	0.6614854482
0.3453724605	0.7437908497	0.6606896797
0.3453724605	0.7450980392	0.659542622
0.3453724605	0.7464052288	0.6582798687
0.3476297968	0.7464052288	0.6578296652
0.3476297968	0.7477124183	0.6575341489
0.3498871332	0.7477124183	0.6574255791
0.3498871332	0.7490196078	0.6563873041
0.3498871332	0.7503267974	0.6553714094
0.3521444695	0.7503267974	0.6548701932
0.3521444695	0.7516339869	0.6543591519
0.3521444695	0.7529411765	0.6536846577
0.3521444695	0.754248366	0.652494453
0.3544018059	0.754248366	0.6516555264
0.3544018059	0.7555555556	0.6499319737
0.3544018059	0.7568627451	0.6481909944
0.3566591422	0.7568627451	0.6475438515
0.3566591422	0.7581699346	0.6469942287
0.3566591422	0.7594771242	0.646211312
0.3566591422	0.7607843137	0.6455677397
0.3589164786	0.7607843137	0.6454264729
0.3589164786	0.7620915033	0.6452840889
0.3611738149	0.7620915033	0.6447585655
0.3634311512	0.7620915033	0.6442099412
0.3634311512	0.7633986928	0.643686723
0.3634311512	0.7647058824	0.6429785892
0.3634311512	0.7660130719	0.6423110308
0.3634311512	0.7673202614	0.6418506649
0.3634311512	0.768627451	0.6417546605
0.3656884876	0.768627451	0.641256042
0.3679458239	0.768627451	0.6397500215
0.3702031603	0.768627451	0.6386841796
0.3724604966	0.768627451	0.6383884106
0.374717833	0.768627451	0.6369673149
0.3769751693	0.768627451	0.635807908
0.3792325056	0.768627451	0.6357712337
0.3792325056	0.7699346405	0.6354339679
0.381489842	0.7699346405	0.6346852589
0.381489842	0.7712418301	0.6334081963
0.3837471783	0.7712418301	0.6322426911
0.3860045147	0.7712418301	0.6309815884
0.3860045147	0.7725490196	0.6299945399
0.3860045147	0.7738562092	0.6294631322
0.3860045147	0.7751633987	0.6288054001
0.3860045147	0.7764705882	0.6284607696
0.388261851	0.7764705882	0.6279615549
0.3905191874	0.7764705882	0.6273553816
0.3905191874	0.7777777778	0.6263663617
0.3927765237	0.7777777778	0.624998768
0.39503386	0.7777777778	0.6241139921
0.3972911964	0.7777777778	0.6237013287
0.3972911964	0.7790849673	0.6222465165
0.3972911964	0.7803921569	0.6204578796
0.3995485327	0.7803921569	0.6193886394
0.4018058691	0.7803921569	0.6179280065
0.4018058691	0.7816993464	0.6168473334
0.4018058691	0.7830065359	0.6160226602
0.4018058691	0.7843137255	0.615146633
0.4040632054	0.7843137255	0.6142393804
0.4040632054	0.785620915	0.6133362564
0.4063205418	0.785620915	0.6128278941
0.4085778781	0.785620915	0.6123943791
0.4108352144	0.785620915	0.6115213513
0.4130925508	0.785620915	0.6104312491
0.4130925508	0.7869281046	0.6098262205
0.4130925508	0.7882352941	0.6087061107
0.4130925508	0.7895424837	0.6076054922
0.4130925508	0.7908496732	0.6072237389
0.4130925508	0.7921568627	0.6067769669
0.4153498871	0.7921568627	0.6063540667
0.4176072235	0.7921568627	0.6055993033
0.4176072235	0.7934640523	0.60470695
0.4176072235	0.7947712418	0.6036510494
0.4198645598	0.7947712418	0.6028555331
0.4221218962	0.7947712418	0.6025301431
0.4221218962	0.7960784314	0.6020981444
0.4221218962	0.7973856209	0.6013561095
0.4221218962	0.7986928105	0.6005373883
0.4221218962	0.8	0.6000977905
0.4221218962	0.8013071895	0.5994385594
0.4243792325	0.8013071895	0.5976836941
0.4243792325	0.8026143791	0.5960197676
0.4266365688	0.8026143791	0.5955368768
0.4288939052	0.8026143791	0.5952074129
0.4311512415	0.8026143791	0.5949128162
0.4311512415	0.8039215686	0.5942955726
0.4334085779	0.8039215686	0.593357805
0.4356659142	0.8039215686	0.5927393206
0.4379232506	0.8039215686	0.5919819791
0.4401805869	0.8039215686	0.5912211222
0.4424379233	0.8039215686	0.5902935679
0.4424379233	0.8052287582	0.589410517
0.4424379233	0.8065359477	0.5889778871
0.4424379233	0.8078431373	0.5882450228
0.4446952596	0.8078431373	0.5864522889
0.4446952596	0.8091503268	0.5848868094
0.4446952596	0.8104575163	0.5843734124
0.4446952596	0.8117647059	0.5836954492
0.4446952596	0.8130718954	0.5825156685
0.4446952596	0.814379085	0.5808823374
0.4446952596	0.8156862745	0.5791258098
0.4469525959	0.8156862745	0.5780931702
0.4469525959	0.8169934641	0.5778337595
0.4469525959	0.8183006536	0.5772860578
0.4469525959	0.8196078431	0.5768632921
0.4469525959	0.8209150327	0.5755819809
0.4492099323	0.8209150327	0.5741361111
0.4492099323	0.8222222222	0.5739361799
0.4492099323	0.8235294118	0.5734642153
0.4514672686	0.8235294118	0.5725347916
0.4514672686	0.8248366013	0.5701784311
0.453724605	0.8248366013	0.5672278354
0.453724605	0.8261437908	0.5642908598
0.453724605	0.8274509804	0.5615377639
0.4559819413	0.8274509804	0.5601795793
0.4559819413	0.8287581699	0.5594294288
0.4559819413	0.8300653595	0.5578599239
0.4559819413	0.831372549	0.5564155301
0.4559819413	0.8326797386	0.555305754
0.4582392777	0.8326797386	0.5539506967
0.4582392777	0.8339869281	0.553534344
0.460496614	0.8339869281	0.5514660515
0.460496614	0.8352941176	0.5488633788
0.460496614	0.8366013072	0.5479356244
0.460496614	0.8379084967	0.5453401892
0.4627539503	0.8379084967	0.5424496366
0.4627539503	0.8392156863	0.5417413767
0.4627539503	0.8405228758	0.5415623805
0.4627539503	0.8418300654	0.5413293401
0.4650112867	0.8418300654	0.5411138928
0.467268623	0.8418300654	0.5406565314
0.4695259594	0.8418300654	0.5401639956
0.4717832957	0.8418300654	0.5395502825
0.4717832957	0.8431372549	0.5381332468
0.4717832957	0.8444444444	0.5364240339
0.4717832957	0.845751634	0.5328318971
0.4717832957	0.8470588235	0.5298227064
0.4740406321	0.8470588235	0.5286662017
0.4740406321	0.8483660131	0.5266832202
0.4740406321	0.8496732026	0.524689121
0.4740406321	0.8509803922	0.5235503529
0.4740406321	0.8522875817	0.523395068
0.4740406321	0.8535947712	0.5232800352
0.4762979684	0.8535947712	0.5228859524
0.4785553047	0.8535947712	0.5198222914
0.4785553047	0.8549019608	0.516422715
0.4785553047	0.8562091503	0.5155808413
0.4808126411	0.8562091503	0.5146894996
0.4808126411	0.8575163399	0.5137273341
0.4830699774	0.8575163399	0.5131900683
0.4853273138	0.8575163399	0.5114395945
0.4853273138	0.8588235294	0.5097758772
0.4853273138	0.860130719	0.50840714
0.4875846501	0.860130719	0.5062084502
0.4898419865	0.860130719	0.5050696086
0.4920993228	0.860130719	0.5035648621
0.4943566591	0.860130719	0.5020098953
0.4943566591	0.8614379085	0.5011897579
0.4943566591	0.862745098	0.5004506411
0.4943566591	0.8640522876	0.5002921492
0.4966139955	0.8640522876	0.4991611045
0.4966139955	0.8653594771	0.4969183404
0.4966139955	0.8666666667	0.4956955377
0.4966139955	0.8679738562	0.4949441585
0.4966139955	0.8692810458	0.4934633902
0.4966139955	0.8705882353	0.4921103647
0.4966139955	0.8718954248	0.4900767839
0.4988713318	0.8718954248	0.4885759014
0.4988713318	0.8732026144	0.4881647086
0.4988713318	0.8745098039	0.4870624282
0.5011286682	0.8745098039	0.4847034135
0.5011286682	0.8758169935	0.4820981236
0.5033860045	0.8758169935	0.4805307835
0.5056433409	0.8758169935	0.479551254
0.5056433409	0.877124183	0.4779773506
0.5079006772	0.877124183	0.4765017305
0.5079006772	0.8784313725	0.4761033786
0.5101580135	0.8784313725	0.4752694335
0.5124153499	0.8784313725	0.4745344812
0.5124153499	0.8797385621	0.473896436
0.5124153499	0.8810457516	0.4728837588
0.5146726862	0.8810457516	0.4717569264
0.5169300226	0.8810457516	0.4700828242
0.5191873589	0.8810457516	0.4669730848
0.5214446953	0.8810457516	0.4641535
0.5214446953	0.8823529412	0.4632091512
0.5237020316	0.8823529412	0.462672249
0.5259593679	0.8823529412	0.4605967134
0.5259593679	0.8836601307	0.4584214431
0.5282167043	0.8836601307	0.4563336925
0.5304740406	0.8836601307	0.4544822672
0.5304740406	0.8849673203	0.4540507216
0.5304740406	0.8862745098	0.4534575142
0.5304740406	0.8875816993	0.452124514
0.532731377	0.8875816993	0.4508454926
0.532731377	0.8888888889	0.449839629
0.532731377	0.8901960784	0.4469591972
0.5349887133	0.8901960784	0.4444821837
0.5349887133	0.891503268	0.4437574497
0.5349887133	0.8928104575	0.4422379283
0.5372460497	0.8928104575	0.4407126057
0.539503386	0.8928104575	0.4398605078
0.539503386	0.8941176471	0.4387294801
0.539503386	0.8954248366	0.4371428501
0.5417607223	0.8954248366	0.4353204352
0.5440180587	0.8954248366	0.4336128103
0.546275395	0.8954248366	0.4322911082
0.5485327314	0.8954248366	0.4307395439
0.5485327314	0.8967320261	0.4296580667
0.5507900677	0.8967320261	0.4284063739
0.5530474041	0.8967320261	0.4268539186
0.5530474041	0.8980392157	0.4254868369
0.5530474041	0.8993464052	0.4238161637
0.5553047404	0.8993464052	0.4230831249
0.5553047404	0.9006535948	0.4224186845
0.5553047404	0.9019607843	0.4218550626
0.5553047404	0.9032679739	0.4209298311
0.5553047404	0.9045751634	0.4199153877
0.5553047404	0.9058823529	0.4197623557
0.5553047404	0.9071895425	0.4178030046
0.5575620767	0.9071895425	0.4144306091
0.5575620767	0.908496732	0.4125154669
0.5598194131	0.908496732	0.4094713075
0.5620767494	0.908496732	0.4065926905
0.5643340858	0.908496732	0.4042873901
0.5665914221	0.908496732	0.4015708907
0.5688487585	0.908496732	0.4007502371
0.5688487585	0.9098039216	0.3996657555
0.5688487585	0.9111111111	0.3972071472
0.5688487585	0.9124183007	0.3956911723
0.5711060948	0.9124183007	0.3951951943
0.5711060948	0.9137254902	0.3936427315
0.5733634312	0.9137254902	0.3924588916
0.5756207675	0.9137254902	0.3904547216
0.5778781038	0.9137254902	0.3882142401
0.5801354402	0.9137254902	0.3870452098
0.5823927765	0.9137254902	0.3861366883
0.5846501129	0.9137254902	0.3857985016
0.5869074492	0.9137254902	0.3855300197
0.5869074492	0.9150326797	0.3848527537
0.5891647856	0.9150326797	0.3812734719
0.5914221219	0.9150326797	0.3783175925
0.5914221219	0.9163398693	0.3781097379
0.5936794582	0.9163398693	0.3778203635
0.5959367946	0.9163398693	0.3770496301
0.5981941309	0.9163398693	0.3763912346
0.6004514673	0.9163398693	0.3759822214
0.6027088036	0.9163398693	0.3726696415
0.6027088036	0.9176470588	0.3696305855
0.60496614	0.9176470588	0.3694769532
0.60496614	0.9189542484	0.3684132317
0.60496614	0.9202614379	0.3668255622
0.60496614	0.9215686275	0.3635906433
0.6072234763	0.9215686275	0.3588833367
0.6072234763	0.922875817	0.3559065505
0.6094808126	0.922875817	0.3539762747
0.611738149	0.922875817	0.3523983717
0.6139954853	0.922875817	0.3517239281
0.6139954853	0.9241830065	0.3512129399
0.6162528217	0.9241830065	0.3485590109
0.6162528217	0.9254901961	0.3441297157
0.6162528217	0.9267973856	0.3418289601
0.618510158	0.9267973856	0.3395132988
0.618510158	0.9281045752	0.3359381082
0.6207674944	0.9281045752	0.3340727421
0.6207674944	0.9294117647	0.3329099987
0.6230248307	0.9294117647	0.3319099658
0.625282167	0.9294117647	0.3301353762
0.6275395034	0.9294117647	0.3285030331
0.6297968397	0.9294117647	0.3276832312
0.6297968397	0.9307189542	0.3258361537
0.6297968397	0.9320261438	0.3241005169
0.6320541761	0.9320261438	0.3234039155
0.6320541761	0.9333333333	0.3229922625
0.6320541761	0.9346405229	0.3226547037
0.6343115124	0.9346405229	0.3216002218
0.6343115124	0.9359477124	0.3196177249
0.6343115124	0.937254902	0.3184337606
0.6365688488	0.937254902	0.3180602219
0.6388261851	0.937254902	0.3166497559
0.6388261851	0.9385620915	0.3149033668
0.6410835214	0.9385620915	0.3142176025
0.6433408578	0.9385620915	0.3137260277
0.6455981941	0.9385620915	0.3127146294
0.6478555305	0.9385620915	0.3109516175
0.6478555305	0.939869281	0.3090172345
0.6478555305	0.9411764706	0.3080316814
0.6501128668	0.9411764706	0.3071052324
0.6523702032	0.9411764706	0.3054100696
0.6546275395	0.9411764706	0.3036926812
0.6546275395	0.9424836601	0.3025768048
0.6568848758	0.9424836601	0.3020253363
0.6591422122	0.9424836601	0.3013354036
0.6591422122	0.9437908497	0.3008413842
0.6591422122	0.9450980392	0.3002937403
0.6613995485	0.9450980392	0.2967848378
0.6636568849	0.9450980392	0.292798739
0.6659142212	0.9450980392	0.2911688564
0.6681715576	0.9450980392	0.2898270901
0.6704288939	0.9450980392	0.2887398439
0.6704288939	0.9464052288	0.2880960613
0.6704288939	0.9477124183	0.287271714
0.6726862302	0.9477124183	0.2851181686
0.6749435666	0.9477124183	0.2834113229
0.6772009029	0.9477124183	0.2817003938
0.6794582393	0.9477124183	0.2791770092
0.6817155756	0.9477124183	0.2780923066
0.6817155756	0.9490196078	0.2777561852
0.6817155756	0.9503267974	0.2767162084
0.6817155756	0.9516339869	0.2743994384
0.6817155756	0.9529411765	0.2725582904
0.683972912	0.9529411765	0.2709539413
0.6862302483	0.9529411765	0.2688211389
0.6862302483	0.954248366	0.2678463224
0.6862302483	0.9555555556	0.2674774294
0.6862302483	0.9568627451	0.2669946706
0.6862302483	0.9581699346	0.2663912082
0.6862302483	0.9594771242	0.2644017354
0.6884875847	0.9594771242	0.2609666092
0.690744921	0.9594771242	0.2584343944
0.6930022573	0.9594771242	0.2560215503
0.6930022573	0.9607843137	0.2526747219
0.6952595937	0.9607843137	0.2505550378
0.6952595937	0.9620915033	0.2496661401
0.6952595937	0.9633986928	0.2492386915
0.69751693	0.9633986928	0.2479422962
0.69751693	0.9647058824	0.2459405928
0.69751693	0.9660130719	0.2438084393
0.6997742664	0.9660130719	0.2418232
0.7020316027	0.9660130719	0.2410658674
0.7042889391	0.9660130719	0.2404901002
0.7042889391	0.9673202614	0.2379478736
0.7065462754	0.9673202614	0.2353711514
0.7088036117	0.9673202614	0.2348028403
0.7088036117	0.968627451	0.234678225
0.7110609481	0.968627451	0.2339988563
0.7133182844	0.968627451	0.2331509087
0.7155756208	0.968627451	0.2314104326
0.7155756208	0.9699346405	0.2298394492
0.7178329571	0.9699346405	0.2282758999
0.7178329571	0.9712418301	0.2263502727
0.7200902935	0.9712418301	0.2256118472
0.7223476298	0.9712418301	0.2235626289
0.7246049661	0.9712418301	0.2213327329
0.7268623025	0.9712418301	0.2199927785
0.7291196388	0.9712418301	0.2188785522
0.7313769752	0.9712418301	0.2167221782
0.7313769752	0.9725490196	0.2143703406
0.7313769752	0.9738562092	0.2122253666
0.7336343115	0.9738562092	0.2103578564
0.7358916479	0.9738562092	0.2044118893
0.7381489842	0.9738562092	0.1977656542
0.7381489842	0.9751633987	0.1940073984
0.7404063205	0.9751633987	0.1896012661
0.7404063205	0.9764705882	0.1861688675
0.7426636569	0.9764705882	0.1838703384
0.7426636569	0.9777777778	0.1834669298
0.7449209932	0.9777777778	0.1827319946
0.7471783296	0.9777777778	0.1818575366
0.7494356659	0.9777777778	0.1799175119
0.7516930023	0.9777777778	0.1779700212
0.7516930023	0.9790849673	0.1751489694
0.7539503386	0.9790849673	0.1719676819
0.7562076749	0.9790849673	0.1708457626
0.7584650113	0.9790849673	0.168490122
0.7607223476	0.9790849673	0.1656065737
0.7607223476	0.9803921569	0.1624190452
0.762979684	0.9803921569	0.1599802169
0.7652370203	0.9803921569	0.158079106
0.7652370203	0.9816993464	0.156429402
0.7674943567	0.9816993464	0.1549207675
0.7674943567	0.9830065359	0.1535299789
0.7674943567	0.9843137255	0.1533231806
0.769751693	0.9843137255	0.1519954318
0.7720090293	0.9843137255	0.1508131697
0.7742663657	0.9843137255	0.1506072141
0.776523702	0.9843137255	0.1503352314
0.7787810384	0.9843137255	0.1484271053
0.7810383747	0.9843137255	0.1445605304
0.7832957111	0.9843137255	0.142058172
0.7855530474	0.9843137255	0.1398656387
0.7855530474	0.985620915	0.1370645693
0.7878103837	0.985620915	0.1348651547
0.7900677201	0.985620915	0.1334746046
0.7923250564	0.985620915	0.1320616904
0.7945823928	0.985620915	0.1290578566
0.7968397291	0.985620915	0.1270467745
0.7990970655	0.985620915	0.1264739445
0.8013544018	0.985620915	0.1254005299
0.8036117381	0.985620915	0.1223784398
0.8058690745	0.985620915	0.1187864719
0.8081264108	0.985620915	0.117474399
0.8103837472	0.985620915	0.1169601276
0.8126410835	0.985620915	0.1154605532
0.8148984199	0.985620915	0.1133818823
0.8171557562	0.985620915	0.1123260169
0.8171557562	0.9869281046	0.1110454484
0.8194130926	0.9869281046	0.1093852818
0.8216704289	0.9869281046	0.1081605903
0.8216704289	0.9882352941	0.1070646448
0.8239277652	0.9882352941	0.1063389077
0.8261851016	0.9882352941	0.1058765034
0.8284424379	0.9882352941	0.104780058
0.8306997743	0.9882352941	0.1036469946
0.8329571106	0.9882352941	0.1034826554
0.835214447	0.9882352941	0.1033075097
0.8374717833	0.9882352941	0.1031591217
0.8397291196	0.9882352941	0.1025133322
0.841986456	0.9882352941	0.1019198968
0.841986456	0.9895424837	0.1007734771
0.8442437923	0.9895424837	0.09889242103
0.8442437923	0.9908496732	0.09786761517
0.8465011287	0.9908496732	0.09726623918
0.848758465	0.9908496732	0.09511822342
0.8510158014	0.9908496732	0.09285819069
0.8532731377	0.9908496732	0.09080112285
0.855530474	0.9908496732	0.08712147636
0.8577878104	0.9908496732	0.08492464313
0.8600451467	0.9908496732	0.08457044449
0.8623024831	0.9908496732	0.08429392082
0.8645598194	0.9908496732	0.0821029847
0.8668171558	0.9908496732	0.07897915783
0.8690744921	0.9908496732	0.07611446719
0.8713318284	0.9908496732	0.07379202454
0.8735891648	0.9908496732	0.07307508013
0.8758465011	0.9908496732	0.07053874826
0.8781038375	0.9908496732	0.0676293087
0.8803611738	0.9908496732	0.06492725512
0.8826185102	0.9908496732	0.06223678527
0.8848758465	0.9908496732	0.0612429175
0.8848758465	0.9921568627	0.06075495872
0.8871331828	0.9921568627	0.06014834245
0.8871331828	0.9934640523	0.05893266114
0.8871331828	0.9947712418	0.05748744786
0.8871331828	0.9960784314	0.05632564175
0.8893905192	0.9960784314	0.05484762222
0.8916478555	0.9960784314	0.05321615462
0.8939051919	0.9960784314	0.05224272128
0.8961625282	0.9960784314	0.05181580056
0.8984198646	0.9960784314	0.05153940644
0.9006772009	0.9960784314	0.05097330415
0.9029345372	0.9960784314	0.05047778972
0.9051918736	0.9960784314	0.04953379677
0.9074492099	0.9960784314	0.04863517809
0.9097065463	0.9960784314	0.04813241753
0.9119638826	0.9960784314	0.04722761175
0.914221219	0.9960784314	0.04635538567
0.9164785553	0.9960784314	0.04495557797
0.9187358916	0.9960784314	0.04366204847
0.920993228	0.9960784314	0.0431123441
0.9232505643	0.9960784314	0.04271346702
0.9255079007	0.9960784314	0.04158981442
0.927765237	0.9960784314	0.03968137604
0.9300225734	0.9960784314	0.03818643166
0.9322799097	0.9960784314	0.03734411029
0.934537246	0.9960784314	0.03629135794
0.9367945824	0.9960784314	0.03357842612
0.9390519187	0.9960784314	0.0314037501
0.9413092551	0.9960784314	0.0295230088
0.9413092551	0.9973856209	0.02706423007
0.9435665914	0.9973856209	0.02612852057
0.9458239278	0.9973856209	0.02513570987
0.9480812641	0.9973856209	0.02419867636
0.9503386005	0.9973856209	0.02409566868
0.9525959368	0.9973856209	0.02239678797
0.9548532731	0.9973856209	0.02036635992
0.9571106095	0.9973856209	0.01947016756
0.9593679458	0.9973856209	0.01889284702
0.9616252822	0.9973856209	0.01818250061
0.9638826185	0.9973856209	0.01709624457
0.9661399549	0.9973856209	0.01638082941
0.9683972912	0.9973856209	0.0154330738
0.9706546275	0.9973856209	0.01444282633
0.9729119639	0.9973856209	0.0140828577
0.9751693002	0.9973856209	0.01239324091
0.9774266366	0.9973856209	0.009907245646
0.9796839729	0.9973856209	0.008746817559
0.9796839729	0.9986928105	0.008001768462
0.9819413093	0.9986928105	0.006936911874
0.9841986456	0.9986928105	0.006277255624
0.9864559819	0.9986928105	0.006148609686
0.9887133183	0.9986928105	0.005737443787
0.9909706546	0.9986928105	0.005418471925
0.993227991	0.9986928105	0.005156453316
0.993227991	1	0.004532061856
0.9954853273	1	0.003809992609
0.9977426637	1	0.002443509104
1	1	0
